90123724
90947155
12094
90091643
10050665
10050701
90067904
90058926
90086211
90075204
90074420
90118003
90096006
90051652
90095949
10053698
90078559
90101464
90122090
90364004
90074805
90100330
90059884
90058712
90181953
90215792
90061173
90122323
90123773
90059875
90261371
90529635
90303913
90185792
90224721
90254070
90088673
90121315
24714
24656
99015514
97012121
90676933
10054171
90784166
1576104600028
90794789
90639846
90831764
90351030
90905503
90908864
90791588
1615359600031
90057960
4056990
90129607
98064115
90865430
90128182
90114341
90368869
90164217
90681281
90303534
90685868
90931341
90119918
90637591
90275225
90140138
90057039
90065026
90062877
90771494
99010147
90791922
1073861
90883728
98068964
98068965
90803190
1030367
90552318
90077697
9037072
90060913
90376153
90269161
2067584
10053699
2067583
90358061
90142738
90110732
90110731
90061105
90382805
99068116
90738953
10057007
53804
3055241
90053783
90077154
90701794
99029713
90074579
1081557
90157506
98071177
3094144
90407043
90940402
90684905
90084869
90858991
3032422
90566115
49400
90163677
90161059
10073969
90081564
3122683
3116428
2065975
90170694
90066876
90095968
90980314
36455
90055251
90589445
90089625
90068664
90635816
90139566
90059297
90588786
90938159
90369655
90098509
4035764
4036296
10052446
90087113
90174225
90768481
90783024
10056959
4071877
6056762
90244781
90180599
10050009
98011890
90681413
90056197
90890140
90162708
90074955
10055462
2063119
2063122
90116976
5095216
5095217
70198
2063926
3118378
62626
2033038
97015230
5032368
1019092
4045645
90670530
90184509
90558825
90530898
90065025
8059779
90605673
90079158
90768315
90081685
56592
90061396
4071720
90120806
90120805
98074664
99032368
90233498
90558042
7053431
90581543
90404808
4015605
7060485
10055262
90616142
3014316
1098191
8017987
3049423
90225755
90064315
90086199
90170587
90079540
90118146
90067926
90082159
5023429
90092209
90829580
90127741
90190438
90058103
90124515
90934908
90078719
90715668
90304103
98064375
99051828
90723809
9002826
90806080
90904335
6051204
10055372
5664
1689836400098
13060080
2104318
90928351
90264271
90543318
90063786
2061514
1032589
90160188
3069235
90184318
90532751
3077375
3077374
1049435
6061702
90534304
31685
90563283
31665
1071485
90865410
1032592
90060908
2061522
1077191
90508754
59529
9060933
9061119
1007329
90081486
90074149
90919693
71608
9061121
4072829
90713722
90058803
90237696
90054190
90150391
98047893
97022583
90236142
8864
90264843
90562015
90181096
90509382
90056520
8064054
90605327
90693192
90877959
11026164
11026163
90610111
90053128
90069642
1542229200036
90060686
90062258
90146705
90083059
90053857
90921491
90092705
10052480
90060122
90214718
90124453
10062459
1533887374436
90374889
90060687
11061403
90243429
10068339
90059103
90145294
4096489
10062090
90583497
12005468
6047281
9009440
90206998
90165749
90375214
12052483
90862193
90667569
90053303
2100529
97017822
90062136
10008540
90962677
97048661
10051175
99070253
90275539
90082877
90902087
90376029
90505280
90558073
15004770
90872728
10044116
13037663
90100570
90530396
90055328
90139383
90070173
90052078
90086277
90091602
90055016
90073071
90064504
90175690
90184508
90060945
90070759
90156797
90070361
90096358
90059450
90055131
90089628
90084351
90063733
90250478
90075521
90102935
90072241
90069810
90084974
90111580
90066412
90060791
90147024
90351853
90727987
90067093
90060683
90053156
90066410
90085767
90133846
90183825
90781971
10061833
90076996
90150336
6081075
90088546
10062843
90084247
90090458
90569511
90083755
90785019
1052594
90137408
90248672
90069191
90067006
98032950
90091360
10055540
10057023
90324069
90243844
10061059
90138106
1004978
10062709
90145952
90199937
90150390
90134663
90073599
90135008
10054146
90636163
90106583
90333951
90794538
90066403
10057048
90128232
10060958
54461
90775497
10055691
90095501
90099584
90076310
90395952
10052141
10057920
90569633
1560455145994
4070988
4070990
90158877
90371883
90372722
90268886
99056514
90071698
90052809
10056747
90952744
90548490
90217335
11024750
90104376
90199005
90083185
98051350
5015711
10053174
90081040
90152837
90222749
90088912
10062328
90077358
90080247
90058874
90197277
90610113
90615082
90201438
90358377
90051486
90615678
10052549
90056060
10050830
90069217
90725602
90060376
90128563
9069015
8046668
10061879
15025773
90404615
90677602
90232403
90674322
90674323
90228284
90660126
90175136
90082690
90660127
90110734
90065519
90363296
90305873
7021918
12008199
90058685
90888030
90097114
90104726
90410335
90125606
90904531
90728914
90901659
90806205
90967876
90801753
90236143
10051346
90053423
90053049
90388788
90075627
90060370
90052521
10056096
90053663
90060895
90087965
90764942
90514996
90065376
90103600
90535262
90057388
90074075
90057196
90168523
90117299
90899810
90804536
90720420
90767973
90159896
90071468
90264606
10056721
90098302
10061228
90052148
2030832
90899967
90824246
1459181431744
90129474
90137055
90846097
90872723
10050727
97025725
90937717
90781966
33627
1054624
1054625
1054623
90700212
1013290
97039816
9056498
90955822
98077601
98046262
98049579
99015348
1054621
90374489
90116000
90128089
90039580
90809093
90236714
98012329
90119117
90051600
90111815
90130827
90134593
10051190
10061924
10060138
13020782
90209732
1498562804660
90066836
6021662
11071510
1470399608255
90155924
4023931
1453362518108
13009200
3017761
2124639
10055585
1492758307960
90987590
1523345895014
90797769
1523345895015
12022506
1533887388797
90984353
12066619
90985528
1005325
90330960
98025420
98000495
90605325
90164495
12027997
97011755
12027998
1054490
3078064
12027996
90139319
15039457
90362181
1585570378165
90771630
1492764532820
6023692
90082711
12061194
90250983
9057173
7033885
5072428
90160491
99062159
1560508703455
13014186
35083
7035127
90089819
1602157051011
10060793
90073405
13002814
6087515
99060980
11039358
48545
90228599
90540435
1453362517627
12033716
90505717
90080625
90060907
90158875
90709976
90165009
90091060
90203370
1642068361086
4077974
90963331
90555650
90063855
98076360
27401
1642068489284
90866806
97021597
1642068437279
7049677
90793990
2124964
5098040
97025056
1642068467540
90907106
1642068466802
10072858
1653286949953
11053816
1642068454795
90161156
90805039
1669188157565
1530000869980
52702
90060610
90185537
8031915
13048493
8001540
13071546
90056922
41686
4098527
1698994099899
1671433163288
1704909328816
90681466
90100034
90066413
5080848
